[Plane]
Paste1X=-312.082
Paste1Y=143.85
Paste2X=-312.082
Paste2Y=143.85
Paste3X=-312.082
Paste3Y=143.85
Paste4X=-312.082
Paste4Y=143.85

UpDown1X=-132.312
UpDown1Y=45.18799
UpDown2X=-132.312
UpDown2Y=45.18799
UpDown3X=-132.312
UpDown3Y=45.18799
UpDown4X=-132.312
UpDown4Y=45.18799
