[app]
EnableUseOffset=True
Nozzle1OffsetX=66.4599990844727
Nozzle1OffsetY=55.8300018310547
Nozzle2OffsetX=99.1100006103516
Nozzle2OffsetY=55.4900016784668
Nozzle3OffsetX=132.179992675781
Nozzle3OffsetY=55.3600006103516
Nozzle4OffsetX=165.360000610352
Nozzle4OffsetY=55.5699996948242
EnableP2POffset=True
Nozzle1PasteX=191.570
Nozzle1PasteY=136.850
Nozzle1RealPasteX=191.570
Nozzle1RealPasteY=136.850
Nozzle1PasteOffsetX=-0.550
Nozzle1PasteOffsetY=0.090
Nozzle2PasteX=191.500
Nozzle2PasteY=130.770
Nozzle2RealPasteX=191.500
Nozzle2RealPasteY=130.770
Nozzle2PasteOffsetX=-0.510
Nozzle2PasteOffsetY=0.040
Nozzle3PasteX=185.400
Nozzle3PasteY=130.770
Nozzle3RealPasteX=185.400
Nozzle3RealPasteY=130.770
Nozzle3PasteOffsetX=-0.290
Nozzle3PasteOffsetY=0.080
Nozzle4PasteX=185.490
Nozzle4PasteY=136.890
Nozzle4RealPasteX=185.490
Nozzle4RealPasteY=136.890
Nozzle4PasteOffsetX=-0.790
Nozzle4PasteOffsetY=0.060
