[Plane]
Paste1X=-191.23
Paste1Y=100.636
Paste2X=-191.23
Paste2Y=100.636
Paste3X=-191.23
Paste3Y=100.636
Paste4X=-191.23
Paste4Y=100.636

UpDown1X=-132.31
UpDown1Y=45.27599
UpDown2X=-132.31
UpDown2Y=45.27599
UpDown3X=-132.31
UpDown3Y=45.27599
UpDown4X=-132.31
UpDown4Y=45.27599
